0.0	145722.66217354676	16.731991289602878
0.001	144849.19966301598	16.75788845836807
0.002	145140.35383319293	16.70244038929282
0.003	145382.98230834035	16.77433785251224
0.004	144849.19966301598	16.846686409318586
0.005	143684.58298230832	17.038017517782272
0.006	145091.82813816346	16.830877657705134
0.007	147129.90732940185	16.746960678774677
0.008	144460.9941027801	17.131610381024345
0.009	144072.7885425442	17.08486102415105
0.01	143490.48020219037	17.105960319642485
0.011	143684.58298230832	17.291227988235182
0.012	144072.7885425442	17.093905619257683
0.013	144703.62257792757	17.007640053972736
0.014	143636.05728727885	17.100187974525692
0.015	145334.45661331087	17.030486856902236
0.016	143005.22325189554	17.053109392708805
0.017	145188.8795282224	16.69801064429005
0.018	141355.349620893	17.412850750969614
0.019	140675.9898904802	17.271707831411092
0.02	142228.81213142377	17.423508687793355
0.021	143247.85172704296	17.175652467856803
0.022	143393.42881213143	17.16271594928469
0.023	139705.4759898905	17.45277880532932
0.024	143927.2114574558	17.10019933407232
0.025	142568.49199663018	17.316474442210296
0.026	141403.87531592252	17.581062304963904
0.027	141937.65796124682	17.295337514216694
0.028	140724.51558550968	17.397146196080218
0.029	139851.05307497893	17.6548899079625
0.03	140870.09267059815	17.174942715981228
0.031	141306.82392586351	17.443018065594234
0.032	138540.85930918282	17.83307178417781
0.033	139851.05307497893	17.681747550731636
0.034	140239.25863521485	17.583700995731178
0.035	140821.56697556868	17.602030009506308
0.036	140433.3614153328	17.531262683846602
0.037	143441.9545071609	17.308768827396264
0.038	139511.37320977254	17.969132292680204
0.039	138007.07666385846	18.087982420475157
0.04	138783.48778433024	17.670777088392683
0.041	140675.9898904802	17.672674611543304
0.042	138007.07666385846	17.825333291768118
0.043	138152.65374894693	18.03380886326888
0.044	138492.33361415332	18.001613803783975
0.045	139851.05307497893	17.664629088629447
0.046	138540.85930918282	17.618048985481128
0.047	136066.04886267902	18.057434403452458
0.048	137812.97388374052	17.948026802715013
0.049	140093.68155012638	17.60684234443463
0.05	136648.35720303285	18.00495471838284
0.051	140821.56697556868	17.77876763713914
0.052	140336.3100252738	17.86372739384845
0.053	139559.89890480202	17.982231773134043
0.054	139026.11625947765	17.949213602036927
0.055	137085.0884582982	18.255032177508287
0.056	140870.09267059815	17.769051582118486
0.057	137764.44818871105	18.070851977106344
0.058	138007.07666385846	17.938581919580944
0.059	143053.748946925	17.77392015987838
0.06	136599.83150800338	18.28585763424718
0.061	137667.39679865204	18.21316829924135
0.062	136502.78011794438	18.292323772300012
0.063	138492.33361415332	17.974597585530343
0.064	138201.1794439764	18.16689529173526
0.065	136551.30581297388	18.41215065324491
0.066	134852.90648694188	18.411839455735183
0.067	135677.84330244313	18.31988297471025
0.068	135968.99747262005	18.45142163204322
0.069	137667.39679865204	18.396413994125744
0.07	137036.56276326874	18.250139318654913
0.071	138007.07666385846	18.262085536443195
0.072	133348.6099410278	18.886477792520346
0.073	137327.71693344566	18.375529553194475
0.074	132135.46756529066	18.77115747895644
0.075	136793.93428812132	18.251941457271073
0.076	133008.9300758214	18.638572786478747
0.077	135968.99747262005	18.565177365169927
0.078	135386.6891322662	18.648584886462984
0.079	132863.35299073294	18.934165422988873
0.08	135580.79191238416	18.668514236134413
0.081	139899.57877000843	17.98512614415026
0.082	138007.07666385846	18.476994850064237
0.083	135386.6891322662	18.706471435795205
0.084	133105.98146588038	19.113449517182325
0.085	134076.4953664701	19.0314198428056
0.086	134658.80370682394	18.75730781747024
0.087	134901.43218197135	18.664521736762943
0.088	130582.64532434709	19.27286421216262
0.089	134464.700926706	18.990746764508003
0.09	134513.22662173546	18.911185765049915
0.091	135144.06065711877	18.53717612087231
0.092	133154.50716090985	18.958934628497545
0.093	134561.75231676493	18.843365435169726
0.094	133688.2898062342	18.980640496278713
0.095	137230.66554338668	18.433746175988183
0.096	137279.19123841616	18.828997866742935
0.097	132329.5703454086	19.008887728374724
0.098	136939.51137320977	18.5289213790669
0.099	135580.79191238416	18.686226666464197
0.1	134949.95787700082	18.942979769192263
0.101	130582.64532434709	19.364190381157357
0.102	135386.6891322662	18.82696109781454
0.103	135386.6891322662	18.647552899951066
0.104	129757.70850884584	19.29678195305567
0.105	129806.23420387531	19.631670971323178
0.106	129369.50294860995	19.68401419259194
0.107	129854.75989890478	19.660561321266567
0.108	135677.84330244313	18.82181803472805
0.109	128884.24599831509	19.587894958725695
0.11	132620.72451558552	19.41423860941345
0.111	132475.14743049705	19.216200338233552
0.112	132523.67312552655	19.36637896384022
0.113	127768.15501263691	19.804820406302724
0.114	126263.85846672283	20.125742422456057
0.115	129223.92586352148	19.639966275234443
0.116	127525.52653748945	19.9914415577637
0.117	131262.0050547599	19.37895020159687
0.118	130242.96545914067	19.75525393441257
0.119	128690.14321819712	19.835970698662912
0.12	128156.3605728728	20.061919652759283
0.121	131310.53074978938	19.51894570703958
0.122	130097.38837405224	19.67128286686128
0.123	128544.56613310869	20.006748415681933
0.124	126652.06402695872	20.181254152206193
0.125	129612.13142375737	19.962342036036823
0.126	130679.69671440608	19.711078440255424
0.127	129078.348778433	19.909873542412843
0.128	129854.75989890478	19.685037914140537
0.129	128398.98904802023	19.95484186666622
0.13	129466.5543386689	19.82687662997044
0.131	127379.94945240102	20.289612387391116
0.132	129466.5543386689	20.276103570521634
0.133	131795.78770008424	19.93571178454184
0.134	128156.3605728728	20.256213366043053
0.135	127913.73209772534	20.108331691520092
0.136	126846.16680707666	20.155984694691487
0.137	127525.52653748945	20.239025729778902
0.138	125924.17860151643	20.212330058401804
0.139	127671.10362257792	20.625526799482834
0.14	125002.1903959562	20.81253638277042
0.141	125099.24178601516	20.780797970692298
0.142	127040.2695871946	20.19188345007235
0.143	127622.57792754844	20.46434027320738
0.144	126409.4355518113	20.307358659492333
0.145	127428.4751474305	20.377381484118658
0.146	122672.95703454084	20.839875956181302
0.147	124565.45914069081	20.67596012208419
0.148	130825.27379949453	19.77944211217565
0.149	124905.13900589722	20.66514506981009
0.15	127331.42375737154	20.280560884768303
0.151	124856.61331086775	20.751145743957622
0.152	127282.89806234204	20.692643096949293
0.153	128059.30918281381	20.429557615830856
0.154	129612.13142375737	20.06296012665493
0.155	125438.92165122158	20.84957715614425
0.156	125972.7042965459	20.65752711177067
0.157	129078.348778433	20.29030108347575
0.158	125244.81887110363	20.51082680619711
0.159	122575.90564448189	21.11863432054806
0.16	122624.43133951137	21.08194142578971
0.161	126409.4355518113	20.725599365919003
0.162	127913.73209772534	20.625183144581378
0.163	123983.15080033698	21.185850466649573
0.164	123255.26537489468	21.133102915202922
0.165	123012.63689974726	21.164655939820477
0.166	124225.7792754844	21.13294760398749
0.167	123691.99663016008	21.15816787764844
0.168	124080.20219039597	21.25049530753765
0.169	123740.52232518955	21.165350100002602
0.17	121459.8146588037	21.352013585644194
0.171	125390.3959561921	21.04253763696987
0.172	126894.69250210615	20.608498940529042
0.173	122381.80286436394	21.047323905606984
0.174	127282.89806234204	20.587831361140857
0.175	120440.7750631845	21.589194236322808
0.176	127477.00084245998	20.595370532607483
0.177	124080.20219039597	21.052024710739836
0.178	126797.64111204719	20.76441275257671
0.179	124031.67649536645	21.214153013542084
0.18	124711.03622577927	20.81896848569518
0.181	119130.58129738837	22.23961617551119
0.182	121993.59730412805	21.660160226312403
0.183	120634.87784330244	22.028701794455348
0.184	123983.15080033698	21.42246035847544
0.185	122721.48272957036	21.464454620045302
0.186	121362.76326874475	21.55041970547341
0.187	123886.09941027802	21.111798097378326
0.188	124274.30497051391	21.19029719095042
0.189	126506.48694187026	20.97396367377701
0.19	121265.71187868576	21.91275090765281
0.191	122090.64869418701	21.36341289579634
0.192	122624.43133951137	21.522229875803053
0.193	118111.54170176917	22.25022969691838
0.194	121702.44313395112	21.596983891086897
0.195	120634.87784330244	21.869147969969838
0.196	122867.05981465879	21.740941042615606
0.197	118839.42712721147	22.123851168658298
0.198	120537.82645324346	21.895203541568225
0.199	120198.14658803708	22.010215371818003
0.2	121459.8146588037	21.678737112792238
0.201	122575.90564448189	22.0547717209352
0.202	126603.53833192925	21.12312558960261
0.203	120440.7750631845	21.78966435332418
0.204	122042.12299915754	21.976212186309713
0.205	119761.41533277168	22.207738719889395
0.206	123643.47093513056	21.34723799409618
0.207	120926.03201347934	21.93539294651907
0.208	120537.82645324346	21.979873711537465
0.209	120731.9292333614	22.04175743335775
0.21	117529.23336141533	22.27868797331412
0.211	120586.35214827297	22.015016589073273
0.212	119227.63268744736	22.245793816118283
0.213	119809.9410278012	22.286864154497476
0.214	121120.13479359729	21.86348407206074
0.215	119664.36394271272	22.291852362907125
0.216	119567.31255265373	22.051417585720905
0.217	119033.52990732942	22.434388550040886
0.218	117432.18197135635	22.59777309385582
0.219	123109.68828980625	21.639296020530175
0.22	119227.63268744736	22.321965063699036
0.221	116752.82224094355	22.4342602762175
0.222	118645.32434709353	22.58804002633607
0.223	122527.37994945241	22.10628797060502
0.224	122721.48272957036	21.99701429831068
0.225	119082.05560235889	22.443492042480724
0.226	120586.35214827297	22.093226645527313
0.227	120489.30075821398	22.174695169781092
0.228	116364.61668070767	22.875505197194023
0.229	118402.69587194607	22.318269379885493
0.23	120004.04380791914	22.363976584400994
0.231	117626.28475147429	22.85988837861535
0.232	121605.39174389216	22.278815435185916
0.233	119130.58129738837	22.540028678280866
0.234	116946.9250210615	22.564836491229634
0.235	117383.65627632687	22.85012123884598
0.236	120683.40353833193	22.210977389441485
0.237	118402.69587194607	22.625849243092016
0.238	117141.02780117944	22.719587196477285
0.239	120537.82645324346	22.241847995282292
0.24	116316.09098567818	22.920932084598842
0.241	116898.39932603203	22.606449306351024
0.242	116946.9250210615	23.026921662538033
0.243	120198.14658803708	22.47861780146739
0.244	117577.75905644482	22.727676734255837
0.245	120489.30075821398	22.611386570201244
0.246	117189.55349620893	23.007824478468184
0.247	119761.41533277168	22.80002029595578
0.248	118693.850042123	22.742777150018078
0.249	118063.0160067397	22.81271031604436
0.25	121217.18618365627	22.160323231544474
0.251	116364.61668070767	22.971002882965326
0.252	120877.50631844987	22.39656772822598
0.253	120683.40353833193	22.451201342604104
0.254	118354.1701769166	22.57168831925525
0.255	118645.32434709353	22.74320799171326
0.256	119809.9410278012	22.61741724962752
0.257	118936.47851727043	22.955132549704395
0.258	117965.9646166807	22.85030908998169
0.259	114957.37152485257	23.22604831299417
0.26	114763.26874473463	23.22443557864466
0.261	119227.63268744736	22.841108386726113
0.262	116024.93681550126	23.237790045465704
0.263	117626.28475147429	23.228313454664608
0.264	116655.77085088457	23.476622292903674
0.265	118305.64448188711	23.34777911369574
0.266	115830.83403538332	23.280325153123144
0.267	114423.58887952822	23.4066828265989
0.268	117626.28475147429	23.382581856546704
0.269	115345.57708508846	23.67400588531214
0.27	116413.14237573715	23.47350310393772
0.271	118160.06739679865	23.096940350568786
0.272	117043.97641112046	23.06583646985543
0.273	116655.77085088457	23.324104214683494
0.274	118985.0042122999	22.817367819918747
0.275	114472.11457455771	23.64229731153185
0.276	116461.66807076662	23.371804569670388
0.277	116510.19376579612	23.371415014951605
0.278	116170.51390058972	23.39461050733982
0.279	117674.8104465038	23.29434457463493
0.28	117917.43892165122	23.250577298947693
0.281	117141.02780117944	23.54394587152671
0.282	116898.39932603203	23.286621501304182
0.283	114278.01179443976	23.637946019655175
0.284	118208.59309182812	23.260846758528466
0.285	116995.45071609099	23.36947840595329
0.286	115976.41112047178	23.489411816165465
0.287	116121.98820556024	23.588241755445146
0.288	115200.0	23.611188129022853
0.289	116752.82224094355	23.578547393471858
0.29	116558.71946082561	23.500287659763664
0.291	115442.62847514743	23.700162271911168
0.292	113792.7548441449	23.914796336204347
0.293	117723.33614153328	23.477430856014706
0.294	116461.66807076662	23.77117169740347
0.295	115297.05139005896	23.524618066851094
0.296	113986.85762426285	23.73200632923349
0.297	114520.64026958721	24.086408345860047
0.298	116849.87363100251	24.00343860826293
0.299	118014.49031171018	23.281722669568506
0.3	117189.55349620893	23.417280183551323
0.301	116170.51390058972	23.903576891450793
0.302	116073.46251053074	23.736566964966176
0.303	113986.85762426285	23.844762090916717
0.304	112967.81802864365	24.457495636929895
0.305	115005.89721988206	23.922223982880475
0.306	117092.50210614997	23.86560920642853
0.307	116558.71946082561	23.920197657217617
0.308	116170.51390058972	23.84202131063584
0.309	113501.60067396799	23.912046920699964
0.31	117674.8104465038	23.712288255603944
0.311	116898.39932603203	23.70578073453254
0.312	115976.41112047178	24.20191102761682
0.313	116898.39932603203	23.688186337485817
0.314	118936.47851727043	23.504399770405048
0.315	115588.20556023589	24.088122360045894
0.316	115636.73125526537	23.88343307895646
0.317	115830.83403538332	24.031752166222745
0.318	115539.6798652064	24.017665539734914
0.319	116364.61668070767	23.88130182659926
0.32	115394.10278011794	24.00111933691582
0.321	116316.09098567818	23.535734562354165
0.322	115927.88542544229	23.91941846375304
0.323	115297.05139005896	23.917715239508674
0.324	113841.28053917439	23.718732581158523
0.325	115345.57708508846	23.96872146757475
0.326	116073.46251053074	23.970366315363627
0.327	115151.47430497051	23.766355085033855
0.328	115976.41112047178	24.023101530354776
0.329	114908.8458298231	24.04942868039824
0.33	116073.46251053074	24.112518151073104
0.331	115345.57708508846	24.333273578610765
0.332	115442.62847514743	24.08037871155773
0.333	115248.52569502949	24.224068041156247
0.334	115102.94860994101	24.381160951657733
0.335	118063.0160067397	23.801387223506232
0.336	115879.35973041279	24.22697093594632
0.337	114666.21735467565	24.48406058106833
0.338	113210.44650379107	24.46249132173827
0.339	115442.62847514743	24.30167882156886
0.34	114472.11457455771	24.3908447998345
0.341	116704.29654591408	24.015754163344916
0.342	113550.12636899746	24.391129853716453
0.343	117335.13058129739	24.400905369099416
0.344	115054.42291491154	24.423287630817974
0.345	115879.35973041279	23.971806633216865
0.346	114763.26874473463	24.388866533031855
0.347	115054.42291491154	24.38514719003059
0.348	115491.1541701769	24.207743446581375
0.349	114083.90901432182	24.6076279462636
0.35	115005.89721988206	24.343989385814556
0.351	116461.66807076662	24.478333663546003
0.352	116510.19376579612	24.369959510682953
0.353	116219.03959561921	24.21319673143094
0.354	115491.1541701769	24.327124104817063
0.355	115297.05139005896	24.55831186165376
0.356	115200.0	24.558542632550633
0.357	115054.42291491154	24.406424145767645
0.358	116170.51390058972	24.333123530776124
0.359	117674.8104465038	23.888140562923446
0.36	115394.10278011794	24.362443467646933
0.361	115539.6798652064	24.360682190387042
0.362	116413.14237573715	24.388895634268096
0.363	116170.51390058972	24.215479473139663
0.364	116073.46251053074	24.191304090295926
0.365	114714.74304970512	24.60570832468817
0.366	115345.57708508846	24.457249009892124
0.367	114714.74304970512	24.58885025131712
0.368	115782.30834035383	24.328409819383463
0.369	114229.48609941028	24.4622212556123
0.37	113307.49789385004	24.48981796753194
0.371	114520.64026958721	24.51028519150426
0.372	114617.69165964617	24.72902474203856
0.373	114278.01179443976	24.533660443019496
0.374	115054.42291491154	24.535005388240762
0.375	114666.21735467565	24.11785825563292
0.376	114083.90901432182	24.620271100399236
0.377	114132.43470935132	24.51117233476647
0.378	116364.61668070767	24.583622610935027
0.379	115733.78264532435	24.65119471678923
0.38	115830.83403538332	24.774801819000462
0.381	115442.62847514743	24.483267009040578
0.382	117577.75905644482	24.42552639852353
0.383	114278.01179443976	24.718062674618388
0.384	116801.34793597304	24.35167357120426
0.385	115200.0	24.769305485789594
0.386	114811.79443976411	24.803494979029256
0.387	115830.83403538332	24.653352387217424
0.388	114617.69165964617	24.702070021460596
0.389	115976.41112047178	24.38928977632752
0.39	114666.21735467565	24.519054614717813
0.391	117141.02780117944	24.43914323880755
0.392	114860.3201347936	24.688549896125465
0.393	114083.90901432182	24.992459874435855
0.394	116510.19376579612	24.753288849667086
0.395	116073.46251053074	24.69795960749809
0.396	115879.35973041279	24.84601168504284
0.397	114375.06318449874	24.931407717835246
0.398	114035.38331929233	24.856995695257705
0.399	116413.14237573715	24.596557929010718
0.4	116219.03959561921	24.589059920443855
0.401	115345.57708508846	24.970787921138772
0.402	115588.20556023589	24.73700884187807
0.403	114569.16596461668	24.86198299804797
0.404	115102.94860994101	24.90683345427816
0.405	112870.76663858467	25.15640194011802
0.406	115102.94860994101	25.184984347009607
0.407	115539.6798652064	24.631890787975994
0.408	114132.43470935132	25.13527372356729
0.409	114326.53748946924	24.957289826825722
0.41	115102.94860994101	25.03552085729225
0.411	114908.8458298231	24.83236526195813
0.412	114278.01179443976	24.740160771507423
0.413	115685.25695029485	24.939952931163496
0.414	114083.90901432182	24.840125540699443
0.415	112531.08677337827	25.15625324639549
0.416	116704.29654591408	24.66612131188496
0.417	116364.61668070767	24.968942702638277
0.418	113986.85762426285	25.13097469646851
0.419	114908.8458298231	25.16663965815676
0.42	116170.51390058972	24.748687249474656
0.421	114811.79443976411	25.11427022418184
0.422	114569.16596461668	24.858379637362905
0.423	113404.54928390901	24.931545368120737
0.424	114132.43470935132	25.260209751342433
0.425	116121.98820556024	25.112882743238448
0.426	116267.56529064868	24.973904388542778
0.427	115442.62847514743	25.22366849077729
0.428	114908.8458298231	24.964727871739107
0.429	115442.62847514743	24.94052391027931
0.43	114811.79443976411	24.792879270021494
0.431	114083.90901432182	24.984016717257244
0.432	114908.8458298231	25.070332683991438
0.433	116752.82224094355	24.950494877771213
0.434	115830.83403538332	25.063994485119178
0.435	114326.53748946924	25.155803144816044
0.436	116461.66807076662	24.870928614641368
0.437	116170.51390058972	25.022213577341674
0.438	114860.3201347936	25.036308420899708
0.439	113695.70345408593	25.15888901970481
0.44	116267.56529064868	25.157863934838076
0.441	113598.65206402696	25.228722681892105
0.442	115733.78264532435	24.917928937269494
0.443	115685.25695029485	25.01903981501087
0.444	115636.73125526537	25.165252367617548
0.445	115151.47430497051	25.125306924729873
0.446	114763.26874473463	25.100459323293986
0.447	114520.64026958721	24.969035127755742
0.448	117626.28475147429	24.709551799324217
0.449	115005.89721988206	25.242768624902197
0.45	114908.8458298231	25.188087012924427
0.451	116316.09098567818	25.18251762089753
0.452	114617.69165964617	25.0884242271133
0.453	115442.62847514743	25.17532335305759
0.454	115685.25695029485	25.168729083796443
0.455	115054.42291491154	25.131244003216846
0.456	115685.25695029485	25.15114569572759
0.457	113356.02358887954	25.26746784349836
0.458	114083.90901432182	25.144663141260267
0.459	115491.1541701769	25.194389500686903
0.46	114278.01179443976	25.208795011601573
0.461	113598.65206402696	25.31137162085012
0.462	116898.39932603203	25.31440695341553
0.463	114229.48609941028	25.2833699649118
0.464	114811.79443976411	25.4416683752066
0.465	115442.62847514743	25.168230303955166
0.466	116267.56529064868	25.183161934802914
0.467	115782.30834035383	25.384904468466388
0.468	116607.2451558551	24.93615204301827
0.469	117189.55349620893	25.314792117411603
0.47	115248.52569502949	25.315448714259897
0.471	115927.88542544229	25.272777612561743
0.472	115442.62847514743	25.263225515589202
0.473	115491.1541701769	25.33631299381417
0.474	113356.02358887954	25.198366137626408
0.475	115588.20556023589	25.275682542367047
0.476	114860.3201347936	25.44054546254288
0.477	115879.35973041279	25.186920399717355
0.478	114520.64026958721	25.493992423370756
0.479	117286.60488626792	25.229977378683508
0.48	115539.6798652064	25.275688647144598
0.481	116121.98820556024	25.22303114115347
0.482	114326.53748946924	25.51531252997716
0.483	117043.97641112046	25.34158289561768
0.484	116558.71946082561	25.30109764424656
0.485	116704.29654591408	25.344869681039643
0.486	114666.21735467565	25.374079545373743
0.487	118402.69587194607	25.22705666160364
0.488	115782.30834035383	25.32036252198294
0.489	115345.57708508846	25.2925977807032
0.49	115345.57708508846	25.44916854835509
0.491	117820.38753159223	25.276325206121914
0.492	115539.6798652064	25.463679632010205
0.493	114811.79443976411	25.377194926780497
0.494	115005.89721988206	25.208759266196353
0.495	115588.20556023589	25.52773991897669
0.496	116801.34793597304	25.46716168120743
0.497	116267.56529064868	25.286428432712878
0.498	116510.19376579612	25.445338718850937
0.499	114763.26874473463	25.53394432504408
0.5	115588.20556023589	25.57496816958521
0.501	116607.2451558551	25.39603296407077
0.502	116024.93681550126	25.594876293698572
0.503	117043.97641112046	25.33841424494618
0.504	115927.88542544229	25.405240490616222
0.505	116461.66807076662	25.42407023933108
0.506	116946.9250210615	25.288826177498656
0.507	116413.14237573715	25.53331230736226
0.508	116024.93681550126	25.380386184956997
0.509	117286.60488626792	25.345265139644066
0.51	115005.89721988206	25.518453151985078
0.511	115005.89721988206	25.517241029428245
0.512	117383.65627632687	25.316873893825683
0.513	114811.79443976411	25.465068999329446
0.514	116946.9250210615	25.504566269185208
0.515	117480.70766638586	25.397573675089124
0.516	116267.56529064868	25.415459207891136
0.517	115102.94860994101	25.518196487418713
0.518	116849.87363100251	25.532254443933194
0.519	115733.78264532435	25.566436588767207
0.52	117917.43892165122	25.430575093729527
0.521	115539.6798652064	25.41428510136197
0.522	116752.82224094355	25.623808140713702
0.523	116752.82224094355	25.58241027656255
0.524	115442.62847514743	25.50674946030093
0.525	116267.56529064868	25.531881068299626
0.526	113889.80623420388	25.595533849229135
0.527	115927.88542544229	25.52754180040762
0.528	116898.39932603203	25.491654740917753
0.529	115442.62847514743	25.558958142240336
0.53	118111.54170176917	25.30377298293208
0.531	116316.09098567818	25.58585852312821
0.532	118693.850042123	25.518484255207447
0.533	117286.60488626792	25.522212149818948
0.534	116170.51390058972	25.54961923602465
0.535	115830.83403538332	25.68424587506376
0.536	116849.87363100251	25.558097165954052
0.537	116413.14237573715	25.64991157448253
0.538	116946.9250210615	25.6283612605126
0.539	116267.56529064868	25.58473661352899
0.54	116316.09098567818	25.56353797001164
0.541	117043.97641112046	25.589573367125812
0.542	117577.75905644482	25.641913806579574
0.543	116849.87363100251	25.60004611980614
0.544	118014.49031171018	25.56665105396258
0.545	116995.45071609099	25.7469862802037
0.546	116898.39932603203	25.618356701578744
0.547	116849.87363100251	25.590776692290692
0.548	117771.86183656276	25.63254956403651
0.549	115733.78264532435	25.53032308615087
0.55	116510.19376579612	25.62592368090762
0.551	118014.49031171018	25.635191044378285
0.552	116752.82224094355	25.71700421652526
0.553	116413.14237573715	25.625516621296608
0.554	115976.41112047178	25.566496124810236
0.555	117383.65627632687	25.703068811389734
0.556	116558.71946082561	25.706841219973054
0.557	118257.11878685764	25.623181976341463
0.558	116801.34793597304	25.74795372551471
0.559	117965.9646166807	25.718651141465255
0.56	117383.65627632687	25.716143942996734
0.561	118111.54170176917	25.658992440523054
0.562	118499.74726200505	25.740735128186348
0.563	116995.45071609099	25.714944685711114
0.564	117189.55349620893	25.67137958058134
0.565	118305.64448188711	25.70606724472063
0.566	118063.0160067397	25.572277599830375
0.567	116849.87363100251	25.706650047570974
0.568	116704.29654591408	25.748522729982913
0.569	117043.97641112046	25.613872677357783
0.57	117141.02780117944	25.75199338256286
0.571	116849.87363100251	25.73622594584441
0.572	118402.69587194607	25.791817061171034
0.573	117092.50210614997	25.713001691904786
0.574	118596.79865206401	25.639618776775823
0.575	116267.56529064868	25.752845621973975
0.576	118548.27295703454	25.636385129270963
0.577	117043.97641112046	25.72158853485762
0.578	116898.39932603203	25.67580183901189
0.579	117577.75905644482	25.666685691984373
0.58	116752.82224094355	25.734722479156805
0.581	117868.91322662175	25.76957717510018
0.582	118208.59309182812	25.584326490818288
0.583	118111.54170176917	25.614863881362744
0.584	117286.60488626792	25.77344456706453
0.585	118596.79865206401	25.785609780854823
0.586	116752.82224094355	25.690742164773376
0.587	118936.47851727043	25.685097203057406
0.588	118887.95282224094	25.654412384289234
0.589	118790.90143218196	25.788564101107497
0.59	119082.05560235889	25.763416799857062
0.591	118402.69587194607	25.841042064186542
0.592	117917.43892165122	25.71429895977225
0.593	117771.86183656276	25.849383417276165
0.594	117238.0791912384	25.752958510028265
0.595	119567.31255265373	25.759887532115723
0.596	118645.32434709353	25.75723564903908
0.597	119470.26116259478	25.7411020316091
0.598	117868.91322662175	25.77724811019794
0.599	117529.23336141533	25.74958486478185
0.6	117432.18197135635	25.785545571709648
0.601	117335.13058129739	25.885908940287013
0.602	118936.47851727043	25.85763524359291
0.603	119421.7354675653	25.82439924213452
0.604	119179.10699241784	25.71102384948879
0.605	118063.0160067397	25.725808984646072
0.606	120004.04380791914	25.72272414801545
0.607	119809.9410278012	25.79644591081045
0.608	120828.98062342039	25.688658583168813
0.609	118596.79865206401	25.74128846795324
0.61	120828.98062342039	25.751829664952496
0.611	119664.36394271272	25.824054414914137
0.612	118499.74726200505	25.79904810140251
0.613	119373.20977253579	25.86467035889504
0.614	119567.31255265373	25.809763241464108
0.615	119615.83824768325	25.783995913458924
0.616	120295.19797809604	25.861227268433964
0.617	119276.15838247683	25.85854475058559
0.618	119664.36394271272	25.82667534732417
0.619	120392.24936815503	25.769782877753986
0.62	120586.35214827297	25.821954222772213
0.621	119324.68407750632	25.87821682655078
0.622	120052.56950294861	25.8686522411837
0.623	120004.04380791914	25.89627077425773
0.624	120828.98062342039	25.773655360960742
0.625	120149.62089300757	25.886172512834577
0.626	119179.10699241784	25.88228305024164
0.627	119858.46672283066	25.83771181559078
0.628	119421.7354675653	25.808049818242303
0.629	119761.41533277168	25.816731909420607
0.63	120246.67228306655	25.84555927768504
0.631	119664.36394271272	25.815684433191706
0.632	119761.41533277168	25.842193604841516
0.633	120780.45492839091	25.929532030699054
0.634	120246.67228306655	25.924227553735655
0.635	118936.47851727043	25.863382726186593
0.636	119082.05560235889	25.85964658528856
0.637	119567.31255265373	25.859221743571304
0.638	119373.20977253579	25.889800952731818
0.639	119324.68407750632	25.893742926238627
0.64	119809.9410278012	25.901888286665134
0.641	120634.87784330244	25.88814682434453
0.642	120295.19797809604	25.84425806969622
0.643	119227.63268744736	25.930191734960836
0.644	120926.03201347934	25.805387323642996
0.645	121168.6604886268	25.839153637583596
0.646	122187.700084246	25.92642138237243
0.647	120537.82645324346	25.902979841826152
0.648	120731.9292333614	25.841587855412314
0.649	121799.49452401011	25.898800948603096
0.65	121459.8146588037	25.879026535914445
0.651	120586.35214827297	25.9897974286091
0.652	122090.64869418701	25.91446164975313
0.653	121265.71187868576	25.80919950590998
0.654	121993.59730412805	25.874137453718053
0.655	121459.8146588037	25.92769753102328
0.656	120731.9292333614	25.840133152696797
0.657	121411.28896377422	25.884414678182683
0.658	120052.56950294861	25.97665656109101
0.659	120974.55770850886	25.961475534880535
0.66	121023.08340353833	25.886948095595255
0.661	121799.49452401011	25.905066217058277
0.662	121896.54591406907	25.901014222174457
0.663	123255.26537489468	25.86348896108721
0.664	123449.36815501262	25.989215164172602
0.665	122430.32855939343	25.929793236514158
0.666	121605.39174389216	25.979443222034153
0.667	121750.96882898064	25.92050906886081
0.668	123158.21398483572	25.878311584877725
0.669	121799.49452401011	25.978570734289814
0.67	121605.39174389216	25.919701796926304
0.671	123061.16259477673	25.890551556053854
0.672	122575.90564448189	25.912180504127317
0.673	123789.04802021904	25.917206312201678
0.674	123012.63689974726	25.973341518162293
0.675	122770.00842459983	25.88925142214081
0.676	120246.67228306655	25.912030369855728
0.677	124177.25358045493	25.978217062301887
0.678	122770.00842459983	25.96413069440988
0.679	120586.35214827297	25.95937365239472
0.68	123352.31676495366	25.920970327532427
0.681	120974.55770850886	25.929525391449
0.682	121362.76326874475	25.909193840492108
0.683	123206.7396798652	26.01317622722038
0.684	123061.16259477673	26.003154370589368
0.685	122090.64869418701	25.97938913975078
0.686	122575.90564448189	25.99377917110823
0.687	124080.20219039597	25.985204821942812
0.688	122478.8542544229	25.98627366468276
0.689	123352.31676495366	25.932294600192517
0.69	123497.89385004214	25.941229550596404
0.691	123691.99663016008	25.93911006382805
0.692	122964.11120471777	25.94924652785374
0.693	124322.83066554338	25.95522673407092
0.694	124031.67649536645	25.903222672435216
0.695	123789.04802021904	25.989094584602128
0.696	124468.40775063186	25.96740180359682
0.697	122867.05981465879	26.02489147681277
0.698	125730.07582139848	26.0161981622127
0.699	123255.26537489468	25.94841177384302
0.7	123934.6251053075	26.00393905426229
0.701	123886.09941027802	25.983201651444897
0.702	125002.1903959562	26.00395689211015
0.703	124080.20219039597	26.01553804806747
0.704	123352.31676495366	25.956992826924196
0.705	123691.99663016008	25.953722833164544
0.706	124128.72788542544	25.992952471983777
0.707	124613.98483572032	25.967864999666375
0.708	126652.06402695872	25.928392718739286
0.709	124031.67649536645	25.997506249164736
0.71	125487.44734625105	25.98358713672643
0.711	123497.89385004214	25.993138855250237
0.712	124953.6647009267	25.992017167526722
0.713	124759.56192080876	25.98757088828329
0.714	124613.98483572032	26.003253252310802
0.715	125147.76748104465	26.019308495708064
0.716	124662.5105307498	26.00314249377239
0.717	126360.90985678179	26.022324625250064
0.718	124711.03622577927	25.97262915938907
0.719	126749.11541701767	26.020694744505235
0.72	126749.11541701767	25.992964895386756
0.721	125196.29317607412	26.04069200526153
0.722	124808.08761583823	25.99380790416187
0.723	124419.88205560234	26.000259814410033
0.724	125633.02443133952	25.98525935214532
0.725	126069.75568660488	26.021248264835137
0.726	125147.76748104465	26.04250521238783
0.727	125002.1903959562	26.02279102924479
0.728	126797.64111204719	26.02893845895454
0.729	126555.01263689976	26.00846002199719
0.73	126263.85846672283	25.975009345126864
0.731	126021.22999157541	26.017220497304447
0.732	125827.12721145747	25.977683914355982
0.733	128204.88626790229	25.996812233217284
0.734	127428.4751474305	25.995304334444604
0.735	126360.90985678179	26.003935965919165
0.736	126749.11541701767	26.026911638172848
0.737	126894.69250210615	26.063144696012625
0.738	127185.84667228308	25.998671911790396
0.739	130242.96545914067	26.030897004229185
0.74	126700.5897219882	26.01343443078417
0.741	126263.85846672283	26.017880115497086
0.742	128690.14321819712	26.023637942228113
0.743	126943.21819713565	26.009308219621268
0.744	128059.30918281381	26.049726880235855
0.745	126506.48694187026	26.046279232546354
0.746	126457.96124684077	26.041244412123884
0.747	128059.30918281381	26.02268480795959
0.748	129515.08003369841	26.026621288678335
0.749	128641.61752316765	26.042278573837155
0.75	127574.05223251897	26.010940849235986
0.751	128350.46335299074	26.04107534455327
0.752	127962.25779275486	26.02569982777765
0.753	130048.86267902276	26.059591860053484
0.754	128301.93765796123	26.051366639310213
0.755	128884.24599831509	26.050840927546705
0.756	127719.62931760743	26.04098339096261
0.757	129126.87447346252	26.050614620029382
0.758	128884.24599831509	26.0147371213574
0.759	128301.93765796123	26.028168005367437
0.76	130048.86267902276	26.062424553297483
0.761	129951.81128896379	26.056242991794807
0.762	128010.78348778434	26.047881326128543
0.763	129320.97725358047	26.04190271084477
0.764	128787.19460825612	26.024695195953907
0.765	128690.14321819712	26.054519211126244
0.766	130194.4397641112	25.99867378050144
0.767	129078.348778433	26.024222882572314
0.768	130582.64532434709	26.067290629637284
0.769	129854.75989890478	26.02942925882459
0.77	132135.46756529066	26.00532312477289
0.771	132135.46756529066	26.041648867208508
0.772	129757.70850884584	26.0584861739958
0.773	130582.64532434709	26.017794168597273
0.774	129223.92586352148	25.975963134950213
0.775	130437.06823925865	26.0516936657493
0.776	129418.02864363942	26.074180321824088
0.777	131310.53074978938	26.038619984605507
0.778	130922.3251895535	26.070433621062943
0.779	130825.27379949453	26.07338586014846
0.78	132911.87868576244	26.05759456162656
0.781	131407.58213984835	26.055933416552175
0.782	129466.5543386689	26.060056367700575
0.783	131310.53074978938	26.008967987772287
0.784	130242.96545914067	26.025561921786487
0.785	133639.7641112047	26.048357573444612
0.786	130631.17101937656	26.072173482858357
0.787	132086.94187026116	26.06370466279715
0.788	132038.4161752317	26.090638944544903
0.789	131989.8904802022	26.062976663914462
0.79	132086.94187026116	26.08417564410408
0.791	132135.46756529066	26.063991049593927
0.792	132620.72451558552	26.04583606113613
0.793	131747.26200505477	26.052309476819218
0.794	133542.71272114574	26.073706258440744
0.795	131213.4793597304	26.07248751592884
0.796	132183.99326032013	26.075282154646057
0.797	132911.87868576244	26.036915432747847
0.798	133397.1356360573	26.043856760498258
0.799	133008.9300758214	26.028091247086582
0.8	133203.03285593935	26.082461392965566
0.801	131504.63352990733	26.056791872929775
0.802	135629.31760741366	26.084213358324334
0.803	134222.07245155855	26.088177701236216
0.804	132620.72451558552	26.059755165181837
0.805	133785.3411962932	26.08155861756877
0.806	133930.91828138163	26.06707089114054
0.807	134513.22662173546	26.072509622161732
0.808	133542.71272114574	26.066461816376748
0.809	133882.39258635216	26.063260674250152
0.81	135483.74052232518	26.067858273412646
0.811	134755.85509688288	26.084344690804702
0.812	136163.100252738	26.092515546513866
0.813	134464.700926706	26.09150900109685
0.814	134319.12384161752	26.088891782709496
0.815	134416.1752316765	26.0761800842627
0.816	135241.11204717777	26.08605085314541
0.817	134949.95787700082	26.0697380778368
0.818	136017.52316764955	26.084229523678655
0.819	136357.20303285593	26.082230810157544
0.82	134949.95787700082	26.0791278050826
0.821	135532.26621735466	26.080671607714898
0.822	136988.03706823927	26.07750195797885
0.823	136745.40859309182	26.091477163557183
0.824	136357.20303285593	26.08912825163008
0.825	135871.94608256107	26.08166320842877
0.826	137910.0252737995	26.078522201875874
0.827	136308.67733782643	26.05996158657582
0.828	135144.06065711877	26.08898242574216
0.829	137279.19123841616	26.09188499036095
0.83	137910.0252737995	26.096855044698668
0.831	137133.6141533277	26.06638503396722
0.832	136939.51137320977	26.080297992769605
0.833	137521.8197135636	26.077479947514853
0.834	138783.48778433024	26.084098576011154
0.835	137036.56276326874	26.091904607346446
0.836	137715.92249368154	26.091326963359457
0.837	137521.8197135636	26.087412728019565
0.838	138395.28222409435	26.091823310856093
0.839	138492.33361415332	26.07459607373095
0.84	138007.07666385846	26.067517980138152
0.841	138346.75652906488	26.099957295459298
0.842	140384.83572030326	26.09464528404337
0.843	136696.88289806232	26.072903546419663
0.844	138152.65374894693	26.086301769244912
0.845	138880.5391743892	26.091121741572916
0.846	139026.11625947765	26.08851525583478
0.847	137812.97388374052	26.075469007091748
0.848	138977.59056444818	26.102200102696578
0.849	140578.9385004212	26.100123219120945
0.85	139996.63016006738	26.098960466309077
0.851	140433.3614153328	26.081619475361677
0.852	139074.64195450715	26.089382542240177
0.853	140530.41280539174	26.086425586198708
0.854	141403.87531592252	26.10129685971356
0.855	141064.1954507161	26.090290090288878
0.856	140578.9385004212	26.092650282054755
0.857	142762.59477674813	26.08893106412608
0.858	141452.401010952	26.094801316393397
0.859	141840.60657118788	26.099937737022614
0.86	139948.1044650379	26.087816126833008
0.861	142180.2864363943	26.09702192958856
0.862	141937.65796124682	26.079042538978676
0.863	142956.69755686607	26.091243493067317
0.864	141597.97809604046	26.09817898581743
0.865	140724.51558550968	26.09358448996571
0.866	141500.92670598146	26.080161890257564
0.867	141064.1954507161	26.08934760988795
0.868	144072.7885425442	26.077218598339748
0.869	141889.13226621735	26.10028509868221
0.87	142859.64616680707	26.09042657451548
0.871	143441.9545071609	26.101797312116002
0.872	144218.36562763268	26.097816291553464
0.873	145091.82813816346	26.100811572409388
0.874	142325.8635214827	26.098534162816183
0.875	144460.9941027801	26.084409479366055
0.876	143053.748946925	26.10249908382566
0.877	144752.14827295704	26.103320217643592
0.878	145382.98230834035	26.107216572503475
0.879	146013.81634372365	26.102352951356103
0.88	144606.57118786857	26.102573418103525
0.881	146402.02190395954	26.10652866839041
0.882	144849.19966301598	26.104707841355115
0.883	144752.14827295704	26.09362389619115
0.884	146159.39342881212	26.10018135276896
0.885	145868.23925863524	26.103720853601256
0.886	146353.49620893007	26.100905959866992
0.887	145577.0850884583	26.09710089983599
0.888	147178.43302443132	26.105869670271247
0.889	146207.9191238416	26.10232626772788
0.89	146450.54759898907	26.103044439835656
0.891	145674.1364785173	26.10130934740477
0.892	147324.0101095198	26.09999885505455
0.893	145091.82813816346	26.10577868542347
0.894	147954.84414490312	26.10287640257566
0.895	146304.9705139006	26.097332216076087
0.896	147469.58719460826	26.104552043904352
0.897	145819.7135636057	26.09749553669441
0.898	149265.03791069923	26.104912627760047
0.899	148488.62679022746	26.10521421454542
0.9	149119.4608256108	26.105300387267445
0.901	149556.19208087618	26.104283639065002
0.902	150089.9747262005	26.103987200537684
0.903	150526.7059814659	26.104637445022707
0.904	149313.56360572873	26.100495230794028
0.905	150720.80876158384	26.106386662086166
0.906	149847.34625105307	26.102401177648975
0.907	148634.20387531593	26.100164180662333
0.908	149944.39764111207	26.108019005846707
0.909	149459.14069081718	26.10663737872839
0.91	151206.06571187868	26.09681654706536
0.911	149313.56360572873	26.104596904595667
0.912	150817.8601516428	26.104309128404267
0.913	150575.23167649537	26.103323402734688
0.914	151060.48862679023	26.108384991842147
0.915	150284.07750631846	26.10433497344128
0.916	151933.95113732098	26.10739783092599
0.917	150963.43723673126	26.10804422693368
0.918	151788.3740522325	26.106377468435134
0.919	151303.11710193768	26.106360551583474
0.92	151885.4254422915	26.10705238917549
0.921	152758.88795282223	26.106780222143726
0.922	151691.32266217357	26.108063121485994
0.923	152855.93934288123	26.10741217714692
0.924	153874.97893850043	26.10811557255026
0.925	153098.56781802865	26.108118285766356
0.926	153244.14490311712	26.107764605360277
0.927	154748.44144903118	26.1078198749828
0.928	154894.01853411962	26.107152754004648
0.929	153583.8247683235	26.102868943136144
0.93	153147.09351305812	26.1057962661033
0.931	154942.54422914912	26.108796003094938
0.932	155088.12131423756	26.107801718066618
0.933	154214.6588037068	26.104774572756334
0.934	155621.90395956193	26.109793200138945
0.935	155039.5956192081	26.10846527337852
0.936	155136.64700926706	26.107469624932712
0.937	156252.73799494523	26.108487702772155
0.938	156398.3150800337	26.110128258746823
0.939	154311.7101937658	26.110446283328542
0.94	156592.41786015165	26.10980146290365
0.941	157708.5088458298	26.11013499480663
0.942	157174.72620050548	26.10980677836624
0.943	159212.8053917439	26.11014552302561
0.944	155816.00673967987	26.109137357829013
0.945	157854.08593091829	26.109160094090335
0.946	158630.49705139006	26.110464996390114
0.947	158484.9199663016	26.106565104849672
0.948	157223.25189553495	26.107273362845003
0.949	158096.7144060657	26.109166752851497
0.95	159164.2796967144	26.111111111109842
0.951	160037.74220724514	26.10983036991494
0.952	157271.77759056445	26.109807998889703
0.953	157271.77759056445	26.11111111110985
0.954	159649.53664700926	26.11079003996184
0.955	159698.06234203876	26.109825641024376
0.956	160717.10193765795	26.11111111110984
0.957	161056.78180286437	26.110792973904708
0.958	160231.8449873631	26.110471328908037
0.959	161444.98736310026	26.110160175348586
0.96	160377.42207245156	26.11047289268977
0.961	161396.46166807075	26.10888686069575
0.962	162172.87278854253	26.11079528273232
0.963	163191.91238416175	26.109225264986854
0.964	162852.23251895537	26.110796708808678
0.965	162658.12973883742	26.109219572725696
0.966	161978.7700084246	26.110161616160344
0.967	163288.96377422073	26.110170452648912
0.968	163386.0151642797	26.11048400546922
0.969	163531.59224936814	26.11048400546922
0.97	164550.63184498737	26.110799801290323
0.971	162609.60404380792	26.11079604491242
0.972	165278.51727042964	26.11111111110983
0.973	165084.4144903117	26.11111111110983
0.974	164647.68323504634	26.11079989405249
0.975	165763.77422072453	26.111111111109828
0.976	167510.69924178603	26.110805181278415
0.977	165521.1457455771	26.11111111110983
0.978	164599.15754001687	26.110799801290327
0.979	165763.77422072453	26.110802103877745
0.98	166103.45408593092	26.111111111109828
0.981	166346.08256107836	26.111111111109828
0.982	167947.4304970514	26.111111111109825
0.983	168626.7902274642	26.111111111109825
0.984	167704.80202190398	26.111111111109825
0.985	167171.0193765796	26.111111111109828
0.986	169257.62426284753	26.111111111109825
0.987	169257.62426284753	26.111111111109825
0.988	168966.47009267058	26.111111111109825
0.989	169500.25273799495	26.11111111110982
0.99	169500.25273799495	26.11111111110982
0.991	168966.47009267058	26.110807934202874
0.992	169936.9839932603	26.11080977110854
0.993	170567.81802864364	26.11111111110982
0.994	170810.44650379108	26.11111111110982
0.995	170616.34372367314	26.1108109833959
0.996	171683.9090143218	26.111111111109818
0.997	172120.6402695872	26.111111111109818
0.998	172120.6402695872	26.111111111109818
0.999	172217.69165964617	26.111111111109818
1.0	172654.42291491153	26.111111111109818
